
Finetuned VAE 1: 
    key: 010111100001011110010000110011101011101011000010
    saved_path: /hpc2hdd/home/yhuang489/MarkDiffusion/ckpts/finetune_vae/checkpoint_000.pth
    train_stats: 
        train_loss: 0.5630379584431648
        train_loss_w: 0.10097635845653713
        train_loss_i: 2.3103079756780427
        train_bit_acc_avg: 0.9695833450555802
        train_word_acc_avg: 0.745
    val_stats: 
        val_psnr: 30.740276458740233
        val_bit_acc_none: 0.9950625100135804
        val_word_acc_none: 0.863
        val_bit_acc_crop_01: 0.9766458511352539
        val_word_acc_crop_01: 0.673
        val_bit_acc_crop_05: 0.9946041774749755
        val_word_acc_crop_05: 0.861
        val_bit_acc_rot_25: 0.6964583532810211
        val_word_acc_rot_25: 0.0
        val_bit_acc_rot_90: 0.49289585041999817
        val_word_acc_rot_90: 0.0
        val_bit_acc_resize_03: 0.751000018119812
        val_word_acc_resize_03: 0.0
        val_bit_acc_resize_07: 0.9836041862964631
        val_word_acc_resize_07: 0.597
        val_bit_acc_brightness_1p5: 0.9932291796207428
        val_word_acc_brightness_1p5: 0.795
        val_bit_acc_brightness_2: 0.983291686296463
        val_word_acc_brightness_2: 0.55